0.000000
0.592466
-0.687200
0.878542
0.121458
0.295962
0.057592
1.197701
-0.331676
0.793616
0.525863
0.656923
-0.156923
1.339710
-0.020231
0.482170
0.383855
0.871438
-0.517885
0.935304
0.064696
0.126646
-0.221380
0.813846
-0.813846
0.221380
-0.126646
-0.064696
-0.935304
0.517885
-0.871438
-0.383855
-0.482170
0.020231
-1.339710
0.156923
-0.656923
-0.525863
-0.793616
0.331676
-1.197701
-0.057592
-0.295962
-0.121458
-0.878542
0.687200
-0.592466
0.000000
0.000000
0.592466
-0.687200
0.878542
0.121458
0.295962
0.057592
1.197701
-0.331676
0.793616
0.525863
0.656923
-0.156923
1.339710
-0.020231
0.482170
0.383855
0.871438
-0.517885
0.935304
0.064696
0.126646
-0.221380
0.813846
-0.813846
0.221380
-0.126646
-0.064696
-0.935304
0.517885
-0.871438
-0.383855
-0.482170
0.020231
-1.339710
0.156923
-0.656923
-0.525863
-0.793616
0.331676
-1.197701
-0.057592
-0.295962
-0.121458
-0.878542
0.687200
-0.592466
0.000000
0.000000
0.592466
-0.687200
0.878542
0.121458
0.295962
0.057592
1.197701
-0.331676
0.793616
0.525863
0.656923
-0.156923
1.339710
-0.020231
0.482170
0.383855
0.871438
-0.517885
0.935304
0.064696
0.126646
-0.221380
0.813846
-0.813846
0.221380
-0.126646
-0.064696
-0.935304
0.517885
-0.871438
-0.383855
-0.482170
0.020231
-1.339710
0.156923
-0.656923
-0.525863
-0.793616
0.331676
-1.197701
-0.057592
-0.295962
-0.121458
-0.878542
0.687200
-0.592466
0.000000
-0.000000
0.592466
-0.687200
0.878542
0.121458
0.295962
0.057592
1.197701
-0.331676
0.793616
0.525863
0.656923
-0.156923
1.339710
-0.020231
0.482170
0.383855
0.871438
-0.517885
0.935304
0.064696
0.126646
-0.221380
0.813846
-0.813846
0.221380
-0.126646
-0.064696
-0.935304
0.517885
-0.871438
-0.383855
-0.482170
0.020231
-1.339710
0.156923
-0.656923
-0.525863
-0.793616
0.331676
-1.197701
-0.057592
-0.295962
-0.121458
-0.878542
0.687200
-0.592466
0.000000
0.000000
0.592466
-0.687200
0.878542
0.121458
0.295962
0.057592
1.197701
-0.331676
0.793616
0.525863
0.656923
-0.156923
1.339710
-0.020231
0.482170
0.383855
0.871438
-0.517885
0.935304
0.064696
0.126646
-0.221380
0.813846
-0.813846
0.221380
-0.126646
-0.064696
-0.935304
0.517885
-0.871438
-0.383855
-0.482170
0.020231
-1.339710
0.156923
-0.656923
-0.525863
-0.793616
0.331676
-1.197701
-0.057592
-0.295962
-0.121458
-0.878542
0.687200
-0.592466
0.000000
-0.000000
0.592466
-0.687200
0.878542
0.121458
0.295962
0.057592
1.197701
-0.331676
0.793616
0.525863
0.656923
-0.156923
1.339710
-0.020231
0.482170
0.383855
0.871438
-0.517885
0.935304
0.064696
0.126646
-0.221380
0.813846
-0.813846
0.221380
-0.126646
-0.064696
-0.935304
0.517885
-0.871438
-0.383855
-0.482170
0.020231
-1.339710
0.156923
-0.656923
-0.525863
-0.793616
0.331676
-1.197701
-0.057592
-0.295962
-0.121458
-0.878542
0.687200
-0.592466
0.000000
-0.000000
0.592466
-0.687200
0.878542
0.121458
0.295962
0.057592
1.197701
-0.331676
0.793616
0.525863
0.656923
-0.156923
1.339710
-0.020231
0.482170
0.383855
0.871438
-0.517885
0.935304
0.064696
0.126646
-0.221380
0.813846
-0.813846
0.221380
-0.126646
-0.064696
-0.935304
0.517885
-0.871438
-0.383855
