
15.726075
15.722914
15.728194
15.725032
15.730313
15.727151
15.732431
15.729270
15.734550
15.767052
15.807996
15.840494
15.881445
15.913944
15.954885
15.987394
16.028335
16.060834
16.028335
15.987394
15.954885
15.913944
15.881445
15.840494
15.807996
15.767052
15.734550
15.729623
15.733138
15.728210
15.731725
15.726798
15.730313
15.725385
15.728900
15.723973
15.727488
15.722561
15.726075
15.625809
15.533985
15.433714
15.652629
15.863094
16.082005
16.292474
16.511385
16.721854
16.463365
16.196434
15.937935
15.671007
15.412515
15.145584
14.887095
15.162534
15.446415
15.721854
15.726812
15.723328
15.728286
15.724802
15.729760
15.726276
15.731234
15.727750
15.732708
15.729224
15.734182
15.730697
15.735655
15.732171
15.737129
15.733645
15.738603
15.735119
15.740076
15.736592
15.741550
15.738066
15.743024
15.756694
15.778806
15.792475
15.814587
15.828254
15.850365
15.864034
15.886155
15.899824
15.887935
15.867614
15.855735
15.835414
15.823533
15.803210
15.791329
15.771007
15.759126
15.738803
15.739634
15.732023
15.732855
15.725244
15.726075
15.721854
15.726075
15.721854
15.726075
15.721854
15.726075
15.721854
15.726075
15.721854
15.726075
15.721854
15.726075
15.721854
15.726075
15.721854
15.726075
15.721854
15.726075
15.721854
15.726075
15.721854
15.726075
15.721854
15.726075
15.722914
15.728194
15.725032
15.730313
15.727151
15.732431
15.729270
15.734550
15.767052
15.807996
15.840494
15.881445
15.913944
15.954885
15.987394
16.028335
16.060834
16.028335
15.987394
15.954885
15.913944
15.881445
15.840494
15.807996
15.767052
15.734550
15.729623
15.733138
15.728210
15.731725
15.726798
15.730313
15.725385
15.728900
15.723973
15.727488
15.722561
15.726075
15.625809
15.533985
15.433714
15.652629
15.863094
16.082005
16.292474
16.511385
16.721854
16.463365
16.196434
15.937935
15.671007
15.412515
15.145584
14.887095
15.162534
15.446415
15.721854
15.726812
15.723328
15.728286
15.724802
15.729760
15.726276
15.731234
15.727750
15.732708
15.729224
15.734182
15.730697
15.735655
15.732171
15.737129
15.733645
15.738603
15.735119
15.740076
15.736592
15.741550
15.738066
15.743024
15.756694
15.778806
15.792475
15.814587
15.828254
15.850365
15.864034
15.886155
15.899824
15.887935
15.867614
15.855735
15.835414
15.823533
15.803210
15.791329
15.771007
15.759126
15.738803
15.739634
15.732023
15.732855
15.725244
15.726075
15.721854
15.726075
15.721854
15.726075
15.721854
15.726075
15.721854
15.726075
15.721854
15.726075
15.721854
15.726075
15.721854
15.726075
15.721854
15.726075
15.721854
15.726075
15.721854
15.726075
15.721854
15.726075
15.721854
15.726075
15.722914
15.728194
15.725032
15.730313
15.727151
15.732431
15.729270
15.734550
15.767052
15.807996
15.840494
15.881445
15.913944
15.954885
15.987394
16.028335
16.060834
16.028335
15.987394
15.954885
15.913944
15.881445
15.840494
15.807996
15.767052
15.734550
15.729623
15.733138
15.728210
15.731725
15.726798
15.730313
15.725385
15.728900
15.723973
15.727488
15.722561
15.726075
15.625809
15.533985
15.433714
15.652629
15.863094
16.082005
16.292474
16.511385
16.721854
16.463365
16.196434
15.937935
15.671007
15.412515
15.145584
14.887095
15.162534
15.446415
15.721854
15.726812
15.723328
15.728286
15.724802
15.729760
15.726276
15.731234
15.727750
15.732708
15.729224
15.734182
15.730697
15.735655
15.732171
15.737129
15.733645
15.738603
15.735119
15.740076
15.736592
15.741550
15.738066
15.743024
15.756694
15.778806
15.792475
15.814587
15.828254
15.850365
15.864034
15.886155
15.899824
15.887935
15.867614
15.855735
15.835414
15.823533
15.803210
15.791329
15.771007
15.759126
15.738803
15.739634
15.732023
15.732855
15.725244
15.726075
15.721854
15.726075
15.721854
15.726075
15.721854
15.726075
15.721854
15.726075
15.721854
15.726075
15.721854
15.726075
15.721854
15.726075
15.721854
15.726075
15.721854
15.726075
15.721854
15.726075
15.721854
15.726075
15.721854
15.726075
15.722914
15.728194
15.725032
15.730313
15.727151
15.732431
15.729270
15.734550
15.767052
15.807996
15.840494
15.881445
15.913944
15.954885
15.987394
16.028335
16.060834
16.028335
15.987394
15.954885
15.913944
15.881445
15.840494
15.807996
15.767052
15.734550
15.729623
15.733138
15.728210
15.731725
15.726798
15.730313
15.725385
15.728900
15.723973
15.727488
15.722561
15.726075
15.625809
15.533985
15.433714
15.652629
15.863094
16.082005
16.292474
16.511385
16.721854
16.463365
16.196434
15.937935
15.671007
15.412515
15.145584
14.887095
15.162534
15.446415
15.721854
15.726812
15.723328
15.728286
15.724802
15.729760
15.726276
15.731234
15.727750
15.732708
15.729224
15.734182
15.730697
15.735655
15.732171
15.737129
15.733645
15.738603
15.735119
15.740076
15.736592
15.741550
15.738066
15.743024
15.756694
15.778806
15.792475
15.814587
15.828254
15.850365
15.864034
15.886155
15.899824
15.887935
15.867614
15.855735
15.835414
15.823533
15.803210
15.791329
15.771007
15.759126
15.738803
15.739634
15.732023
15.732855
15.725244
15.726075
15.721854
15.726075
15.721854
15.726075
15.721854
15.726075
15.721854
15.726075
15.721854
15.726075
15.721854
15.726075
15.721854
15.726075
15.721854
15.726075
15.721854
15.726075
15.721854
15.726075
15.721854
15.726075
15.721854
15.726075
15.722914
15.728194
15.725032
15.730313
15.727151
15.732431
15.729270
15.734550
15.767052
15.807996
15.840494
15.881445
15.913944
15.954885
15.987394
16.028335
16.060834
16.028335
15.987394
15.954885
15.913944
15.881445
15.840494
15.807996
15.767052
15.734550
15.729623
15.733138
15.728210
15.731725
15.726798
15.730313
15.725385
15.728900
15.723973
15.727488
15.722561
15.726075
15.625809
15.533985
15.433714
15.652629
15.863094
16.082005
16.292474
16.511385
16.721854
16.463365
16.196434
15.937935
15.671007
15.412515
15.145584
14.887095
15.162534
15.446415
15.721854
15.726812
15.723328
15.728286
15.724802
15.729760
15.726276
15.731234
15.727750
15.732708
15.729224
15.734182
15.730697
15.735655
15.732171
15.737129
15.733645
15.738603
15.735119
15.740076
15.736592
15.741550
15.738066
15.743024
15.756694
15.778806
15.792475
15.814587
15.828254
15.850365
15.864034
15.886155
15.899824
15.887935
15.867614
15.855735
15.835414
15.823533
15.803210
15.791329
15.771007
15.759126
15.738803
15.739634
15.732023
15.732855
15.725244
15.726075
15.721854
15.726075
15.721854
15.726075
15.721854
15.726075
15.721854
15.726075
15.721854
15.726075
15.721854
15.726075
15.721854
15.726075
15.721854
15.726075
15.721854
15.726075
15.721854
15.726075
15.721854
15.726075
15.721854