
0.000000
0.000000
-0.000000
0.000000
0.000000
-9.327737
0.000000
-0.000000
-0.000000
0.000000
-12.726388
0.000000
0.000000
0.000000
-0.000000
-11.400154
-0.000000
0.000000
0.000000
-0.000000
-5.655560
-0.000000
0.000000
0.000000
0.000000
31.841520
0.000000
-0.000000
-0.000000
-0.000000
-17.311335
0.000000
0.000000
0.000000
0.000000
9.730629
0.000000
-0.000000
0.000000
0.000000
15.035306
-0.000000
-0.000000
-0.000000
-0.000000
-33.001435
0.000000
-0.000000
0.000000
0.000000
23.750459
-0.000000
0.000000
-0.000000
-0.000000
-8.984201
0.000000
0.000000
0.000000
0.000000
-7.591127
-0.000000
0.000000
0.000000
0.000000
14.671611
-0.000000
-0.000000
0.000000
-0.000000
-10.873695
-0.000000
-0.000000
0.000000
0.000000
4.122938
0.000000
-0.000000
-0.000000
-0.000000
-1.006598
-0.000000
-0.000000
-0.000000
-0.000000
1.325901
-0.000000
0.000000
0.000000
-0.000000
-3.101261
-0.000000
0.000000
0.000000
-0.000000
1.539593
-0.000000
0.000000
-0.000000
0.000000
1.743648
-0.000000
0.000000
0.000000
-0.000000
-2.037670
0.000000
-0.000000
-0.000000
0.000000
3.304124
0.000000
-0.000000
0.000000
-0.000000
-3.007351
-0.000000
-0.000000
-0.000000
0.000000
2.676886
0.000000
-0.000000
0.000000
0.000000
-3.428482
0.000000
0.000000
-0.000000
0.000000
1.874696
0.000000
-0.000000
0.000000
-0.000000
1.022661
-0.000000
-0.000000
0.000000
0.000000
-3.695901
0.000000
-0.000000
0.000000
-0.000000
4.157011
0.000000
-0.000000
-0.000000
-0.000000
-2.305574
0.000000
-0.000000
0.000000
0.000000
-0.079047
-0.000000
-0.000000
-0.000000
-0.000000
0.972619
-0.000000
-0.000000
0.000000
0.000000
-1.027262
0.000000
0.000000
0.000000
0.000000
0.009273
-0.000000
-0.000000
0.000000
0.000000
0.671937
-0.000000
-0.000000
0.000000
0.000000
0.278348
0.000000
-0.000000
-0.000000
-0.000000
-0.551372
-0.000000
0.000000
0.000000
0.000000
0.963855
0.000000
-0.000000
0.000000
-0.000000
-0.922221
0.000000
0.000000
-0.000000
-0.000000
0.144249
0.000000
-0.000000
0.000000
0.000000
0.349338
0.000000
-0.000000
0.000000
0.000000
-0.726947
-0.000000
-0.000000
-0.000000
-0.000000
0.772265
-0.000000
-0.000000
-0.000000
0.000000
-0.456158
-0.000000
-0.000000
0.000000
-0.000000
0.010503
-0.000000
-0.000000
-0.000000
-0.000000
0.439957
-0.000000
-0.000000
0.000000
0.000000
-1.113860
-0.000000
-0.000000
0.000000
-0.000000
1.031097
0.000000
-0.000000
-0.000000
-0.000000
-0.715425
0.000000
0.000000
0.000000
0.000000
-0.121587
-0.000000
-0.000000
-0.000000
-0.000000
1.387968
0.000000
0.000000
-0.000000
-0.000000
-1.295729
-0.000000
0.000000
-0.000000
-0.000000
0.724048
-0.000000
0.000000
-0.000000
0.000000
0.023814
-0.000000
-0.000000
-0.000000
-0.000000
-0.379155
-0.000000
-0.000000
0.000000
0.000000
-0.160473
-0.000000
0.000000
-0.000000
-0.000000
0.712191
0.000000
0.000000
0.000000
0.000000
-0.454232
-0.000000
-0.000000
-0.000000
-0.000000
-0.491806
0.000000
-0.000000
-0.000000
0.000000
1.417797
-0.000000
0.000000
0.000000
-0.000000
-1.569006
0.000000
0.000000
-0.000000
-0.000000
0.816388
0.000000
-0.000000
-0.000000
0.000000
-0.499133
0.000000
0.000000
0.000000
0.000000