
31.546513
-0.000000
-0.000000
0.000000
0.000000
5.528840
-0.000000
-0.000000
-0.000000
-0.000000
-15.521685
0.000000
0.000000
-0.000000
-0.000000
10.446951
0.000000
0.000000
-0.000000
-0.000000
-23.785256
0.000000
0.000000
0.000000
0.000000
-8.061004
-0.000000
0.000000
0.000000
0.000000
19.957658
-0.000000
-0.000000
0.000000
0.000000
-21.292629
-0.000000
-0.000000
0.000000
0.000000
28.390718
-0.000000
0.000000
-0.000000
-0.000000
-7.181134
0.000000
-0.000000
-0.000000
-0.000000
-12.891304
-0.000000
-0.000000
-0.000000
0.000000
21.863697
-0.000000
-0.000000
-0.000000
-0.000000
-19.904682
0.000000
0.000000
-0.000000
-0.000000
7.465854
0.000000
-0.000000
0.000000
0.000000
2.586269
-0.000000
0.000000
-0.000000
-0.000000
-5.222369
0.000000
-0.000000
0.000000
-0.000000
2.925849
0.000000
-0.000000
-0.000000
-0.000000
-0.654153
-0.000000
0.000000
-0.000000
0.000000
1.165102
0.000000
-0.000000
0.000000
0.000000
-4.772092
-0.000000
-0.000000
0.000000
-0.000000
4.483083
0.000000
0.000000
0.000000
0.000000
-2.986869
0.000000
-0.000000
-0.000000
-0.000000
1.495878
-0.000000
0.000000
0.000000
0.000000
0.600801
0.000000
0.000000
-0.000000
0.000000
-0.401048
0.000000
0.000000
-0.000000
-0.000000
1.807738
0.000000
-0.000000
0.000000
0.000000
-3.974187
-0.000000
-0.000000
0.000000
-0.000000
4.459449
-0.000000
-0.000000
0.000000
0.000000
-2.876908
-0.000000
0.000000
0.000000
0.000000
-0.220602
0.000000
0.000000
-0.000000
-0.000000
2.649972
0.000000
0.000000
-0.000000
0.000000
-2.613825
0.000000
0.000000
-0.000000
0.000000
1.064519
0.000000
-0.000000
-0.000000
0.000000
0.160772
-0.000000
-0.000000
-0.000000
0.000000
-0.688880
-0.000000
0.000000
0.000000
-0.000000
-0.613610
-0.000000
-0.000000
0.000000
0.000000
1.041590
0.000000
-0.000000
0.000000
0.000000
-0.514499
-0.000000
-0.000000
0.000000
0.000000
0.164018
0.000000
0.000000
-0.000000
0.000000
0.780693
0.000000
0.000000
0.000000
-0.000000
-0.980727
-0.000000
-0.000000
0.000000
-0.000000
0.686181
0.000000
0.000000
0.000000
0.000000
-0.301399
0.000000
0.000000
0.000000
-0.000000
-0.144019
0.000000
-0.000000
0.000000
-0.000000
0.557554
-0.000000
-0.000000
0.000000
-0.000000
-0.817563
0.000000
-0.000000
0.000000
0.000000
0.945023
0.000000
-0.000000
-0.000000
-0.000000
-0.329614
0.000000
-0.000000
-0.000000
0.000000
-0.669673
-0.000000
-0.000000
0.000000
0.000000
1.083788
-0.000000
-0.000000
0.000000
-0.000000
-1.577289
0.000000
-0.000000
-0.000000
-0.000000
0.847197
0.000000
-0.000000
0.000000
-0.000000
0.358042
0.000000
-0.000000
0.000000
0.000000
-0.790143
-0.000000
0.000000
0.000000
-0.000000
0.740107
-0.000000
0.000000
0.000000
-0.000000
-0.094865
-0.000000
-0.000000
-0.000000
-0.000000
-0.181560
0.000000
-0.000000
-0.000000
0.000000
-0.280561
-0.000000
0.000000
-0.000000
0.000000
1.005235
-0.000000
0.000000
-0.000000
-0.000000
-1.280078
0.000000
-0.000000
0.000000
0.000000
0.852605
0.000000
-0.000000
-0.000000
-0.000000
0.272452
-0.000000
0.000000
-0.000000
0.000000
-0.901153
0.000000
-0.000000
-0.000000
-0.000000
1.039872
-0.000000
0.000000
0.000000
0.000000