
5.899589
6.494454
5.804855
6.093330
6.899589
6.319408
6.253143
7.157282
6.765615
6.363928
7.219069
7.084775
6.399589
7.084775
7.219069
6.363928
6.765615
7.157282
6.253143
6.319408
6.899589
6.093330
5.804855
6.494454
5.899589
5.309522
5.994324
5.710647
4.899589
5.484569
5.546036
4.646695
5.033564
5.440049
4.580110
4.719202
5.399589
4.719202
4.580110
5.440049
5.033564
4.646695
5.546036
5.484569
4.899589
5.710647
5.994324
5.309522
5.899589
6.494454
5.804855
6.093330
6.899589
6.319408
6.253143
7.157282
6.765615
6.363928
7.219069
7.084775
6.399589
7.084775
7.219069
6.363928
6.765615
7.157282
6.253143
6.319408
6.899589
6.093330
5.804855
6.494454
5.899589
5.309522
5.994324
5.710647
4.899589
5.484569
5.546036
4.646695
5.033564
5.440049
4.580110
4.719202
5.399589
4.719202
4.580110
5.440049
5.033564
4.646695
5.546036
5.484569
4.899589
5.710647
5.994324
5.309522
5.899589
6.494454
5.804855
6.093330
6.899589
6.319408
6.253143
7.157282
6.765615
6.363928
7.219069
7.084775
6.399589
7.084775
7.219069
6.363928
6.765615
7.157282
6.253143
6.319408
6.899589
6.093330
5.804855
6.494454
5.899589
5.309522
5.994324
5.710647
4.899589
5.484569
5.546036
4.646695
5.033564
5.440049
4.580110
4.719202
5.399589
4.719202
4.580110
5.440049
5.033564
4.646695
5.546036
5.484569
4.899589
5.710647
5.994324
5.309522
5.899589
6.494454
5.804855
6.093330
6.899589
6.319408
6.253143
7.157282
6.765615
6.363928
7.219069
7.084775
6.399589
7.084775
7.219069
6.363928
6.765615
7.157282
6.253143
6.319408
6.899589
6.093330
5.804855
6.494454
5.899589
5.309522
5.994324
5.710647
4.899589
5.484569
5.546036
4.646695
5.033564
5.440049
4.580110
4.719202
5.399589
4.719202
4.580110
5.440049
5.033564
4.646695
5.546036
5.484569
4.899589
5.710647
5.994324
5.309522
5.899589
6.494454
5.804855
6.093330
6.899589
6.319408
6.253143
7.157282
6.765615
6.363928
7.219069
7.084775
6.399589
7.084775
7.219069
6.363928
6.765615
7.157282
6.253143
6.319408
6.899589
6.093330
5.804855
6.494454
5.899589
5.309522
5.994324
5.710647
4.899589
5.484569
5.546036
4.646695
5.033564
5.440049
4.580110
4.719202
5.399589
4.719202
4.580110
5.440049
5.033564
4.646695
5.546036
5.484569
4.899589
5.710647
5.994324
5.309522
5.899589
6.494454
5.804855
6.093330
6.899589
6.319408
6.253143
7.157282
6.765615
6.363928
7.219069
7.084775
6.399589
7.084775
7.219069
6.363928
6.765615
7.157282
6.253143
6.319408
6.899589
6.093330
5.804855
6.494454
5.899589
5.309522
5.994324
5.710647
4.899589
5.484569
5.546036
4.646695
5.033564
5.440049
4.580110
4.719202
5.399589
4.719202
4.580110
5.440049
5.033564
4.646695
5.546036
5.484569
4.899589
5.710647
5.994324
5.309522
5.899589
6.494454
5.804855
6.093330
6.899589
6.319408
6.253143
7.157282
6.765615
6.363928
7.219069
7.084775
6.399589
7.084775
7.219069
6.363928
6.765615
7.157282
6.253143
6.319408
6.899589
6.093330
5.804855
6.494454
5.899589
5.309522
5.994324
5.710647
4.899589
5.484569
5.546036
4.646695